0.024080753326416016
0.022026777267456055
0.022346019744873047
0.021694660186767578
0.021685123443603516
0.022095441818237305
0.021977663040161133
0.023529529571533203
0.021943092346191406
0.02229452133178711
0.028596878051757812
0.021616220474243164
0.021280527114868164
0.0216982364654541
0.022475004196166992
0.02620863914489746
0.022425174713134766
0.026679515838623047
0.023347854614257812
0.023765087127685547
0.022777795791625977
0.022229909896850586
0.18558359146118164
0.023202896118164062
0.025689363479614258
0.02765059471130371
0.022755146026611328
0.02562427520751953
0.025762081146240234
0.02646780014038086
0.022072315216064453
0.022005081176757812
0.02168869972229004
0.021821975708007812
0.022003650665283203
0.021919965744018555
0.022158145904541016
0.022113323211669922
0.021871566772460938
0.024638891220092773
0.03550577163696289
0.022090673446655273
0.02223348617553711
0.02208089828491211
0.02230238914489746
0.02259230613708496
0.20189642906188965
0.022912025451660156
0.02330327033996582
0.02463221549987793
0.02286362648010254
0.023408174514770508
0.023833274841308594
0.023157119750976562
0.02347850799560547
0.02248549461364746
0.022301912307739258
0.02392268180847168
0.022380590438842773
0.021517038345336914
0.022639751434326172
0.02144789695739746
0.02195429801940918
0.02231740951538086
0.037360429763793945
0.024390697479248047
0.021348237991333008
0.02097773551940918
0.02183818817138672
0.027935028076171875
0.18790221214294434
0.02524709701538086
0.022005796432495117
0.02256011962890625
0.02403545379638672
0.021559715270996094
0.02132105827331543
0.021555662155151367
0.028973102569580078
0.0211789608001709
0.0207061767578125
0.021201610565185547
0.021715879440307617
0.02267289161682129
0.021678447723388672
0.0214691162109375
0.027219057083129883
0.02145552635192871
0.021390199661254883
0.0343019962310791
0.03639054298400879
0.03584933280944824
0.036266326904296875
0.027994632720947266
0.18008923530578613
0.027097463607788086
0.03605055809020996
0.036836862564086914
0.0367426872253418
0.02954578399658203
0.02133917808532715
0.020956039428710938
0.020743608474731445
0.02076864242553711
0.024883270263671875
0.021646976470947266
0.02098989486694336
0.021123409271240234
0.022053956985473633
0.022553443908691406
0.02281641960144043
0.021697521209716797
0.021514177322387695
0.02226877212524414
0.021824121475219727
0.02199721336364746
0.022057771682739258
0.0222628116607666
0.16084814071655273
0.021253108978271484
0.021428585052490234
0.021341323852539062
0.020838499069213867
0.021227359771728516
0.02125096321105957
0.021314620971679688
0.021359920501708984
0.02132868766784668
0.021570920944213867
0.022036314010620117
0.022802114486694336
0.02268505096435547
0.02174520492553711
0.030169963836669922
0.02469921112060547
0.021816253662109375
0.021550655364990234
0.02113175392150879
0.021305084228515625
0.021213769912719727
0.022003889083862305
0.022759675979614258
0.16530466079711914
0.021157264709472656
0.020740509033203125
0.020824670791625977
0.020882368087768555
0.021059751510620117
0.024718761444091797
0.021648406982421875
0.021749019622802734
0.020999908447265625
0.020756006240844727
0.020939350128173828
0.020753145217895508
0.020848989486694336
0.020697832107543945
0.020796537399291992
0.021520137786865234
0.02138495445251465
0.02108621597290039
0.020915746688842773
0.020953893661499023
0.021164655685424805
0.03386855125427246
0.036653995513916016
0.18147015571594238
0.02181720733642578
0.021542072296142578
0.0215146541595459
0.021288394927978516
0.02149820327758789
0.021547794342041016
0.021367311477661133
0.02155137062072754
0.021654129028320312
0.021635770797729492
0.02172374725341797
0.021481990814208984
0.021291732788085938
0.020900964736938477
0.02091836929321289
0.020760297775268555
0.020613908767700195
0.02081584930419922
0.020810604095458984
0.02092599868774414
0.021210193634033203
0.021845340728759766
0.021877050399780273
0.1764514446258545
0.021681547164916992
0.02173638343811035
0.02126002311706543
0.021941423416137695
0.022031068801879883
0.02212238311767578
0.021535396575927734
0.021363019943237305
0.02633070945739746
0.021619796752929688
0.02201080322265625
0.021966218948364258
0.02263188362121582
0.02613067626953125
0.041727304458618164
0.022266864776611328
0.02264261245727539
0.022257328033447266
0.022251605987548828
0.022057533264160156
0.022708415985107422
0.022040605545043945
0.02304530143737793
0.17620325088500977
0.021022796630859375
0.020844697952270508
0.026473522186279297
0.02170562744140625
0.024995088577270508
0.022277355194091797
0.022032499313354492
0.021541357040405273
0.02167487144470215
0.02206873893737793
0.02267289161682129
0.021428585052490234
0.02398967742919922
0.024891138076782227
0.027046680450439453
0.02680349349975586
0.037629127502441406
0.02436089515686035
0.023924827575683594
0.02181077003479004
0.02794647216796875
0.02289748191833496
0.022189617156982422
0.18298625946044922
0.021546363830566406
0.021991729736328125
0.022936344146728516
0.02183842658996582
0.0218813419342041
0.02169656753540039
0.021546363830566406
0.02160477638244629
0.021534442901611328
0.021500110626220703
0.021588563919067383
0.021595239639282227
0.021600008010864258
0.021713733673095703
0.021605491638183594
0.021741390228271484
0.02169322967529297
0.02176356315612793
0.021610021591186523
0.02228856086730957
0.02215409278869629
0.021727323532104492
0.021633148193359375
0.16844439506530762
0.021828413009643555
0.021876811981201172
0.021800994873046875
0.021338701248168945
0.021004199981689453
0.02080082893371582
0.020914793014526367
0.020781278610229492
0.020946025848388672
0.020991802215576172
0.021033287048339844
0.021387577056884766
0.020920276641845703
0.021857261657714844
0.022301912307739258
0.02138662338256836
0.02138829231262207
0.024196386337280273
0.0282900333404541
0.022006511688232422
0.022289276123046875
0.02190399169921875
0.02196335792541504
0.183182954788208
0.02223968505859375
0.022022247314453125
0.023012399673461914
0.024404287338256836
0.021606922149658203
0.0218203067779541
0.022073745727539062
0.021758079528808594
0.022017240524291992
0.021773099899291992
0.02185678482055664
0.021682024002075195
0.021994829177856445
0.021487712860107422
0.0217592716217041
0.02148127555847168
0.0216367244720459
0.021419525146484375
0.021198272705078125
0.02108931541442871
0.021539926528930664
0.02153754234313965
0.022300004959106445
0.18235135078430176
0.023725271224975586
0.02150130271911621
0.024085044860839844
0.021538972854614258
0.02154088020324707
0.02224278450012207
0.021841764450073242
0.021598100662231445
0.0220034122467041
0.026633262634277344
0.022060632705688477
0.02191925048828125
0.02591562271118164
0.02120661735534668
0.02130413055419922
0.0215911865234375
0.022270679473876953
0.022004365921020508
0.02174854278564453
0.02144765853881836
0.022622108459472656
0.023087263107299805
0.022446632385253906
0.18785595893859863
0.023233652114868164
0.027981042861938477
0.023538827896118164
0.0223085880279541
0.022253751754760742
0.02270340919494629
0.022324800491333008
0.02222585678100586
0.02191781997680664
0.023175954818725586
0.02265334129333496
0.022561311721801758
0.022827625274658203
0.021964073181152344
0.022118330001831055
0.02221965789794922
0.024107933044433594
0.021838903427124023
0.022279024124145508
0.028411865234375
0.02195000648498535
0.02179265022277832
0.0217435359954834
0.18743681907653809
0.022336244583129883
0.022091388702392578
0.022157907485961914
0.02568507194519043
0.023587942123413086
0.050322771072387695
0.036841392517089844
0.03734922409057617
0.027883291244506836
0.024929285049438477
0.022245407104492188
0.022490739822387695
0.022182703018188477
0.02171468734741211
0.021199941635131836
0.022017955780029297
0.02513289451599121
0.0274350643157959
0.022077083587646484
0.02178192138671875
0.02275228500366211
0.02214670181274414
0.021631240844726562
0.1932377815246582
0.023029327392578125
0.027335405349731445
0.022175073623657227
0.0218050479888916
0.02169322967529297
0.021869659423828125
0.03401827812194824
0.03206038475036621
0.024386167526245117
0.02336716651916504
0.030698776245117188
0.0321352481842041
0.03939318656921387
0.027024030685424805
0.023865938186645508
0.03310894966125488
0.03050374984741211
0.026944398880004883
0.02472853660583496
0.026320695877075195
0.02918243408203125
0.026164770126342773
0.02271580696105957
0.22043061256408691
0.023833513259887695
0.023365259170532227
0.03748631477355957
0.036834716796875
0.03781604766845703
0.03746390342712402
0.025608301162719727
0.026552438735961914
0.022368907928466797
0.029953956604003906
0.02246832847595215
0.02237701416015625
0.02621912956237793
0.02220296859741211
0.023538827896118164
0.02371835708618164
0.02458930015563965
0.022364139556884766
0.021792888641357422
0.02214956283569336
0.022556781768798828
0.024117469787597656
0.02156829833984375
0.16817808151245117
0.02229452133178711
0.027712583541870117
0.02885913848876953
0.03727293014526367
0.02989029884338379
0.027136564254760742
0.02346658706665039
0.03639936447143555
0.023482561111450195
0.023088693618774414
0.02369832992553711
0.023555755615234375
0.02311539649963379
0.02892136573791504
0.02461099624633789
0.03493094444274902
0.036687612533569336
0.029745101928710938
0.022220611572265625
0.021728515625
0.02217555046081543
0.022029876708984375
0.021616697311401367
0.19822025299072266
0.021431684494018555
0.02264404296875
0.02306342124938965
0.021630048751831055
0.021854639053344727
0.0290830135345459
0.02364635467529297
0.022671222686767578
0.0232541561126709
0.023870229721069336
0.02312326431274414
0.022551298141479492
0.0228879451751709
0.022522926330566406
0.02289557456970215
0.022679805755615234
0.022326946258544922
0.022403240203857422
0.022669076919555664
0.02432703971862793
0.03725552558898926
0.035576581954956055
0.023144006729125977
0.15688705444335938
0.022996902465820312
0.022711515426635742
0.02318406105041504
0.02483820915222168
0.032436370849609375
0.0368802547454834
0.03122115135192871
0.021620988845825195
0.021103620529174805
0.02150106430053711
0.02195262908935547
0.021510601043701172
0.02172708511352539
0.028662681579589844
0.0363764762878418
0.02721571922302246
0.02147650718688965
0.022014141082763672
0.021409034729003906
0.021698951721191406
0.021361827850341797
0.02116870880126953
0.021541595458984375
0.14660263061523438
0.022147178649902344
0.022182941436767578
0.02182149887084961
0.021310091018676758
0.02176213264465332
0.02108144760131836
0.02120065689086914
0.02384042739868164
0.02167797088623047
0.033724069595336914
0.021967649459838867
0.027360200881958008
0.022543907165527344
0.023393869400024414
0.02325296401977539
0.02365279197692871
0.02309560775756836
0.0296323299407959
0.02279806137084961
0.022566795349121094
0.022497177124023438
0.021395206451416016
0.026619672775268555
0.17783522605895996
0.02283191680908203
0.02337956428527832
0.023518800735473633
0.027426719665527344
0.02234053611755371
0.02317047119140625
0.022808074951171875
0.02257704734802246
0.02317214012145996
0.025532960891723633
0.022802352905273438
0.022979259490966797
0.02252650260925293
0.022552013397216797
0.022541046142578125
0.022996902465820312
0.02264118194580078
0.022555112838745117
0.022363662719726562
0.023923635482788086
0.022248268127441406
0.0260467529296875
0.03675198554992676
0.02612018585205078
0.15618610382080078
0.022058486938476562
0.03801846504211426
0.029856204986572266
0.032380104064941406
0.033582448959350586
0.029567480087280273
0.029508113861083984
0.02411937713623047
0.034063100814819336
0.023514986038208008
0.032527923583984375
0.03807783126831055
0.023710250854492188
0.029326677322387695
0.023397207260131836
0.028012752532958984
0.030001401901245117
0.030951499938964844
0.0256650447845459
0.029486656188964844
0.037630319595336914
0.03310084342956543
0.023273229598999023
0.023143768310546875
0.1979060173034668
0.022699832916259766
0.02770829200744629
0.02904820442199707
0.024681806564331055
0.02331709861755371
0.022733688354492188
0.022319793701171875
0.0220797061920166
0.022200584411621094
0.029738903045654297
0.02248692512512207
0.02239990234375
0.022875308990478516
0.023091793060302734
0.02335643768310547
0.025893688201904297
0.02308821678161621
0.02273249626159668
0.024385690689086914
0.022951364517211914
0.022658586502075195
0.02211594581604004
0.02323436737060547
0.022580623626708984
0.18789958953857422
0.028057336807250977
0.023108720779418945
0.02271556854248047
0.021936416625976562
0.027917861938476562
0.021738290786743164
0.026663541793823242
0.03487873077392578
0.023478031158447266
0.024558067321777344
0.027101755142211914
0.022604942321777344
0.022827625274658203
0.02295541763305664
0.02297687530517578
0.022917985916137695
0.02282547950744629
0.02239513397216797
0.022436141967773438
0.022233009338378906
0.02371835708618164
0.022689342498779297
0.02401256561279297
0.022539615631103516
0.20009613037109375
0.022664308547973633
0.021901369094848633
0.022042036056518555
0.022514820098876953
0.022403717041015625
0.021880149841308594
0.02835369110107422
0.023267269134521484
0.02264857292175293
0.02261519432067871
0.022435665130615234
0.03877830505371094
0.03932905197143555
0.031136035919189453
0.02595829963684082
0.022654056549072266
0.02242302894592285
0.023129940032958984
0.03459644317626953
0.035875558853149414
0.025744199752807617
0.02264118194580078
0.022548437118530273
0.02434229850769043
0.1638636589050293
0.031154632568359375
0.03645968437194824
0.035920143127441406
0.03628945350646973
0.026348590850830078
0.02273702621459961
0.04103207588195801
0.02384495735168457
0.026499032974243164
0.02317333221435547
0.022757291793823242
0.02263188362121582
0.021759510040283203
0.022447586059570312
0.021863937377929688
0.022367477416992188
0.022360801696777344
0.02388167381286621
0.023367643356323242
0.023496150970458984
0.028836727142333984
0.022937297821044922
0.026126861572265625
0.023833274841308594
0.18928170204162598
0.023140430450439453
0.03612852096557617
0.03103327751159668
0.02272510528564453
0.025932788848876953
0.02316141128540039
0.023389339447021484
0.023400068283081055
0.02253866195678711
0.022600889205932617
0.022197723388671875
0.023916959762573242
0.023602008819580078
0.024274110794067383
0.023159027099609375
0.02224564552307129
0.022197484970092773
0.03514671325683594
0.03997683525085449
0.03921818733215332
0.03704261779785156
0.028793811798095703
0.028477191925048828
0.02761554718017578
0.16569018363952637
0.021756887435913086
0.021999359130859375
0.024104595184326172
0.021618127822875977
0.021755218505859375
0.026627302169799805
0.02179098129272461
0.02111983299255371
0.021518945693969727
0.021329879760742188
0.02120375633239746
0.021457910537719727
0.024809837341308594
0.021519184112548828
0.021458148956298828
0.023039579391479492
0.022486448287963867
0.02376413345336914
0.022507905960083008
0.021643638610839844
0.021574974060058594
0.02156209945678711
0.028165102005004883
0.02167677879333496
0.18042659759521484
0.02219223976135254
0.024743080139160156
0.022274017333984375
0.021994829177856445
0.02100825309753418
0.021882057189941406
0.02580094337463379
0.022882461547851562
0.022308826446533203
0.022255659103393555
0.022731781005859375
0.0236208438873291
0.021987438201904297
0.021824359893798828
0.0216214656829834
0.021495819091796875
0.021599769592285156
0.021606922149658203
0.021538972854614258
0.021466970443725586
0.021968841552734375
0.026491880416870117
0.021463394165039062
0.020914316177368164
0.16098785400390625
0.02321314811706543
0.02475738525390625
0.022517919540405273
0.023087263107299805
0.022180795669555664
0.025023698806762695
0.02191925048828125
0.022383689880371094
0.02241373062133789
0.023154258728027344
0.02486109733581543
0.028447628021240234
0.022515058517456055
0.022233963012695312
0.02204585075378418
0.021683931350708008
0.021692752838134766
0.0216519832611084
0.02157735824584961
0.021708965301513672
0.02951335906982422
0.021501541137695312
0.02153182029724121
0.02384042739868164
0.17518210411071777
0.022374629974365234
0.021635770797729492
0.022373437881469727
