0.03194880485534668
0.025217533111572266
0.03594636917114258
0.03093552589416504
0.029070615768432617
0.03610348701477051
0.024631977081298828
0.02473902702331543
0.030530214309692383
0.02538585662841797
0.024820804595947266
0.025232553482055664
0.025286436080932617
0.025461196899414062
0.025883913040161133
0.025270700454711914
0.024273395538330078
0.024722576141357422
0.025119781494140625
0.024921894073486328
0.024488210678100586
0.024250268936157227
0.1578214168548584
0.025762557983398438
0.02593231201171875
0.03048110008239746
0.03070211410522461
0.02464890480041504
0.02444291114807129
0.024898529052734375
0.029834747314453125
0.02463817596435547
0.02476024627685547
0.02478647232055664
0.02469801902770996
0.024544715881347656
0.02466750144958496
0.02455282211303711
0.02562546730041504
0.025757312774658203
0.025300979614257812
0.025076866149902344
0.025149106979370117
0.024314165115356445
0.03161430358886719
0.02547740936279297
0.1913900375366211
0.03292250633239746
0.030697107315063477
0.025843143463134766
0.031395673751831055
0.026125431060791016
0.025482892990112305
0.025443315505981445
0.026721715927124023
0.026300430297851562
0.02780461311340332
0.02532958984375
0.02529430389404297
0.024928808212280273
0.024851560592651367
0.035958051681518555
0.03869485855102539
0.029035091400146484
0.026760339736938477
0.025537729263305664
0.03233695030212402
0.02745199203491211
0.026748180389404297
0.03201103210449219
0.20440673828125
0.025465965270996094
0.025293827056884766
0.024959087371826172
0.02481985092163086
0.025760889053344727
0.024773120880126953
0.024265050888061523
0.025229215621948242
0.024600744247436523
0.024106264114379883
0.024792909622192383
0.025051116943359375
0.02466106414794922
0.02458786964416504
0.024724960327148438
0.025070905685424805
0.030577421188354492
0.024986743927001953
0.024849653244018555
0.02502894401550293
0.025122404098510742
0.039579153060913086
0.03394651412963867
0.17900323867797852
0.02342844009399414
0.02456951141357422
0.024029016494750977
0.02327108383178711
0.023499011993408203
0.02331256866455078
0.023240327835083008
0.023654937744140625
0.023934602737426758
0.024318933486938477
0.02351832389831543
0.023359060287475586
0.0260922908782959
0.023717641830444336
0.023623228073120117
0.02427816390991211
0.024507522583007812
0.024548053741455078
0.023493528366088867
0.02358412742614746
0.023740291595458984
0.023741960525512695
0.02422332763671875
0.17390942573547363
0.023288488388061523
0.029069185256958008
0.024776220321655273
0.02649664878845215
0.024575471878051758
0.02499103546142578
0.024676084518432617
0.03171586990356445
0.04005765914916992
0.03969860076904297
0.0396578311920166
0.04074740409851074
0.030733823776245117
0.024484872817993164
0.024502038955688477
0.024550199508666992
0.0279998779296875
0.03232169151306152
0.023888111114501953
0.028664350509643555
0.02402353286743164
0.02410101890563965
0.023915529251098633
0.16909170150756836
0.02453160285949707
0.02492690086364746
0.024727582931518555
0.024529695510864258
0.024540424346923828
0.024555444717407227
0.024724245071411133
0.030418872833251953
0.0240476131439209
0.024066686630249023
0.023534536361694336
0.02362060546875
0.0238955020904541
0.024272680282592773
0.023795366287231445
0.024728059768676758
0.024694442749023438
0.023875713348388672
0.024159669876098633
0.02466750144958496
0.025069475173950195
0.025194406509399414
0.025937795639038086
0.15687775611877441
0.03054356575012207
0.02415299415588379
0.024246692657470703
0.02432394027709961
0.024323463439941406
0.024554729461669922
0.02898383140563965
0.040564537048339844
0.04001116752624512
0.03970742225646973
0.041440725326538086
0.023892879486083984
0.023662567138671875
0.02469158172607422
0.024244070053100586
0.02447342872619629
0.02475762367248535
0.02494668960571289
0.025428295135498047
0.024824142456054688
0.025469064712524414
0.025788068771362305
0.02603745460510254
0.1592252254486084
0.023377418518066406
0.023329734802246094
0.023404359817504883
0.03271961212158203
0.024630069732666016
0.027668237686157227
0.02476811408996582
0.025636672973632812
0.024098634719848633
0.029806852340698242
0.024774551391601562
0.024611949920654297
0.024630308151245117
0.024791955947875977
0.024562835693359375
0.024883270263671875
0.0258331298828125
0.025829315185546875
0.0304262638092041
0.024024486541748047
0.024137258529663086
0.025139570236206055
0.024913549423217773
0.14425921440124512
0.028416872024536133
0.024863481521606445
0.024982452392578125
0.024004697799682617
0.02887129783630371
0.02440619468688965
0.02448296546936035
0.024440288543701172
0.024967432022094727
0.024782419204711914
0.027690410614013672
0.025060415267944336
0.024777889251708984
0.02501201629638672
0.024834871292114258
0.02516913414001465
0.03545212745666504
0.024817705154418945
0.026423931121826172
0.02339315414428711
0.02372574806213379
0.02401256561279297
0.024442672729492188
0.1524677276611328
0.023993730545043945
0.023847579956054688
0.024501323699951172
0.02466273307800293
0.024494171142578125
0.02368950843811035
0.023753643035888672
0.023706674575805664
0.023774147033691406
0.024277210235595703
0.027669668197631836
0.04131674766540527
0.028981447219848633
0.04622960090637207
0.029911041259765625
0.025286436080932617
0.02568960189819336
0.02558732032775879
0.025197982788085938
0.02806258201599121
0.024417400360107422
0.0244600772857666
0.02456045150756836
0.19076156616210938
0.0255281925201416
0.02862238883972168
0.0254213809967041
0.024690866470336914
0.024592876434326172
0.02427816390991211
0.024464130401611328
0.024971485137939453
0.024811744689941406
0.024925947189331055
0.025431156158447266
0.024593353271484375
0.024732351303100586
0.02432990074157715
0.024370908737182617
0.024465084075927734
0.02416205406188965
0.02477240562438965
0.02462625503540039
0.02440166473388672
0.02428579330444336
0.024070024490356445
0.03448224067687988
0.16935944557189941
0.02803802490234375
0.03515911102294922
0.02514052391052246
0.02966618537902832
0.024504661560058594
0.024266481399536133
0.024669170379638672
0.024579286575317383
0.025069713592529297
0.029581785202026367
0.025013208389282227
0.025107145309448242
0.025249481201171875
0.02482318878173828
0.025017261505126953
0.02521228790283203
0.026207685470581055
0.025879859924316406
0.02519989013671875
0.025203943252563477
0.025720834732055664
0.027287006378173828
0.0266263484954834
0.19652104377746582
0.026231050491333008
0.024778366088867188
0.024244308471679688
0.02515697479248047
0.02466273307800293
0.024557828903198242
0.02454829216003418
0.02455425262451172
0.02487468719482422
0.025793075561523438
0.02731943130493164
0.032909393310546875
0.026613235473632812
0.027589082717895508
0.02443861961364746
0.02475714683532715
0.024493694305419922
0.024428129196166992
0.02366781234741211
0.023861169815063477
0.02354574203491211
0.023598194122314453
0.023610591888427734
0.17277050018310547
0.03842282295227051
0.03458857536315918
0.026881694793701172
0.02563190460205078
0.025210857391357422
0.024621009826660156
0.025041818618774414
0.024135351181030273
0.024396657943725586
0.03011155128479004
0.03374338150024414
0.028443574905395508
0.027634620666503906
0.030628442764282227
0.0333096981048584
0.028127670288085938
0.028017759323120117
0.035259246826171875
0.02573990821838379
0.02561211585998535
0.02625894546508789
0.02611994743347168
0.026984691619873047
0.19610977172851562
0.02624797821044922
0.026072978973388672
0.025595664978027344
0.025714397430419922
0.025533676147460938
0.025847673416137695
0.042780399322509766
0.02974677085876465
0.026700735092163086
0.02605891227722168
0.025321245193481445
0.026125431060791016
0.02663135528564453
0.026227712631225586
0.026158809661865234
0.026207923889160156
0.026233196258544922
0.026207685470581055
0.026702880859375
0.028357267379760742
0.028127670288085938
0.027929067611694336
0.02528858184814453
0.18906044960021973
0.026002168655395508
0.02421092987060547
0.0243377685546875
0.02439117431640625
0.029904842376708984
0.02487802505493164
0.024669170379638672
0.031339168548583984
0.026107072830200195
0.04099774360656738
0.03671383857727051
0.03250527381896973
0.03193497657775879
0.026557207107543945
0.026051759719848633
0.034509897232055664
0.03572440147399902
0.03543591499328613
0.027091264724731445
0.025531291961669922
0.023875951766967773
0.02519702911376953
0.024027109146118164
0.16644835472106934
0.02538585662841797
0.02511429786682129
0.025179624557495117
0.025008440017700195
0.023873329162597656
0.02397632598876953
0.02712225914001465
0.02547597885131836
0.024168014526367188
0.02407526969909668
0.02425241470336914
0.024106264114379883
0.024179458618164062
0.024088621139526367
0.02386474609375
0.023961544036865234
0.02412867546081543
0.027271509170532227
0.03835725784301758
0.0410304069519043
0.026138782501220703
0.025606393814086914
0.025777578353881836
0.2033085823059082
0.0248415470123291
0.024746417999267578
0.024504661560058594
0.02481675148010254
0.025367259979248047
0.024921417236328125
0.02510857582092285
0.02432990074157715
0.024308443069458008
0.023898601531982422
0.02409839630126953
0.024226903915405273
0.024322032928466797
0.024080991744995117
0.023752927780151367
0.023963451385498047
0.025357961654663086
0.024685382843017578
0.023837566375732422
0.024576663970947266
0.02445387840270996
0.024728775024414062
0.025349855422973633
0.15952491760253906
0.02366805076599121
0.024117469787597656
0.024036645889282227
0.023705720901489258
0.023604154586791992
0.02404952049255371
0.023853778839111328
0.024422883987426758
0.028689146041870117
0.0256500244140625
0.025464534759521484
0.025296449661254883
0.030385494232177734
0.02437567710876465
0.024667739868164062
0.024431228637695312
0.024320363998413086
0.024395465850830078
0.02484869956970215
0.024610519409179688
0.02482318878173828
0.025597810745239258
0.025826692581176758
0.1661086082458496
0.026073932647705078
0.02525162696838379
0.025260448455810547
0.028347015380859375
0.026750802993774414
0.031493186950683594
0.026333332061767578
0.02395772933959961
0.026530981063842773
0.030683040618896484
0.027968406677246094
0.02657318115234375
0.026254653930664062
0.02608013153076172
0.025693655014038086
0.025481700897216797
0.02557206153869629
0.038687944412231445
0.025591373443603516
0.02485036849975586
0.0245664119720459
0.025493860244750977
0.025878429412841797
0.16840314865112305
0.02517414093017578
0.024558305740356445
0.0236818790435791
0.02393341064453125
0.0240628719329834
0.03169727325439453
0.02541375160217285
0.025551319122314453
0.033020734786987305
0.031035184860229492
0.026942014694213867
0.02688765525817871
0.02629542350769043
0.025828123092651367
0.026030778884887695
0.025884389877319336
0.0255429744720459
0.025908231735229492
0.025738954544067383
0.0254364013671875
0.0286562442779541
0.02526092529296875
0.0259397029876709
0.18030643463134766
0.02744579315185547
0.027145862579345703
0.027721166610717773
0.02836322784423828
0.028445720672607422
0.026702165603637695
0.028670310974121094
0.028049468994140625
0.02601790428161621
0.025410890579223633
0.025209903717041016
0.025792360305786133
0.025173664093017578
0.02471756935119629
0.025613069534301758
0.03720712661743164
0.037477731704711914
0.02546548843383789
0.02454543113708496
0.024513959884643555
0.024611473083496094
0.02445054054260254
0.02395153045654297
0.027574539184570312
0.16585803031921387
0.024126768112182617
0.02384805679321289
0.03558826446533203
0.025058984756469727
0.02479839324951172
0.024625301361083984
0.025389909744262695
0.03261852264404297
0.026269912719726562
0.026311874389648438
0.02550029754638672
0.0250394344329834
0.02491474151611328
0.024626970291137695
0.02469158172607422
0.024422168731689453
0.025426864624023438
0.02466130256652832
0.025305509567260742
0.024678707122802734
0.04089498519897461
0.024773597717285156
0.024747848510742188
0.024758100509643555
0.1588895320892334
0.02399158477783203
0.02380061149597168
0.023735523223876953
0.023582935333251953
0.02411198616027832
0.02395486831665039
0.02828216552734375
0.025076627731323242
0.025461912155151367
0.029721736907958984
0.024886131286621094
0.0249786376953125
0.024890661239624023
0.02495408058166504
0.02489614486694336
0.024851083755493164
0.024989604949951172
0.025492191314697266
0.025029897689819336
0.024753808975219727
0.025130748748779297
0.02588939666748047
0.025611162185668945
0.025041580200195312
0.15951061248779297
0.024553537368774414
0.024353742599487305
0.02449178695678711
0.024294614791870117
0.0242922306060791
0.024152040481567383
0.02495121955871582
0.025636911392211914
0.02519679069519043
0.02472853660583496
0.024960994720458984
0.024466753005981445
0.024619340896606445
0.024489402770996094
0.02446722984313965
0.024651288986206055
0.024385690689086914
0.024741649627685547
0.024791479110717773
0.024793148040771484
0.02480316162109375
0.024616479873657227
0.02499222755432129
0.024715423583984375
0.20023298263549805
0.025537490844726562
0.024899005889892578
0.025310039520263672
0.024934768676757812
0.02480149269104004
